last_update_time 20201114
Number_of_Animation 3
#1
name King
length 2
delay 1000 2000
hasMelody 1
note_n 8
frequency 1000 2000 3000 4000 5000 6000 7000 8000
duration 10 20 30 40 50 60 70 80
@IMAGE1
00000000000000000000000000000000
00001111111111111111111111110000
00000000000000010000000000000000
00000000000000010000000000000000
00000000000000010000000000000000
00000000000000010000000000000000
00000000000000010000000000000000
00000000000000010000000000000000
00000000000000010000000000000000
00000000000000010000000000000000
00000000000000010000000000000000
00000000000000010000000000000000
00000000000000010000000000000000
00000000000000010000000000000000
00000000000000010000000000000000
00000000000000010000000000000000
00001111111111111111111111110000
00000000000000010000000000000000
00000000000000010000000000000000
00000000000000010000000000000000
00000000000000010000000000000000
00000000000000010000000000000000
00000000000000010000000000000000
00000000000000010000000000000000
00000000000000010000000000000000
00000000000000010000000000000000
00000000000000010000000000000000
00000000000000010000000000000000
00000000000000010000000000000000
00000000000000010000000000000000
00001111111111111111111111110000
00000000000000000000000000000000
@image2
00000000000000000000000000000000
00000000000000000000000000000000
00000011111111111111111110000000
00000010000000000000000010000000
00000010000000000000000010000000
00000010000000000000000010000000
00000010000000000000000010000000
00000010000000000000000010000000
00000010000000000000000010000000
00000010000000000000000010000000
00000010000000000000000010000000
00000010000000000000000010000000
00000010000000000000000010000000
00000010000000000000000010000000
00000010000000000000000010000000
00000010000000000000000010000000
00000010000000000000000010000000
00000010000000000000000010000000
00000010000000000000000010000000
00000010000000000000000010000000
00000010000000000000000010000000
00000010000000000000000010000000
00000010000000000000000010000000
00000010000000000000000010000000
00000010000000000000000010000000
00000010000000000000000010000000
00000010000000000000000010000000
00000010000000000000000010000000
00000010000000000000000010000000
00000011111111111111111110000000
00000000000000000000000000000000
00000000000000000000000000000000
#2
name Number
length 3
delay 1000 2000 3000
hasMelody 1
note_n 10
frequency 100 200 300 400 500 600 700 800 900 1000
duration 10 20 30 40 50 60 70 80 90 100
@IMAGE1
00000000000000000000000000000000
00000000000000000000000000000000
00000000000000100000000000000000
00000000000000100000000000000000
00000000000000100000000000000000
00000000000000100000000000000000
00000000000000100000000000000000
00000000000000100000000000000000
00000000000000100000000000000000
00000000000000100000000000000000
00000000000000100000000000000000
00000000000000100000000000000000
00000000000000100000000000000000
00000000000000100000000000000000
00000000000000100000000000000000
00000000000000100000000000000000
00000000000000100000000000000000
00000000000000100000000000000000
00000000000000100000000000000000
00000000000000100000000000000000
00000000000000100000000000000000
00000000000000100000000000000000
00000000000000100000000000000000
00000000000000100000000000000000
00000000000000100000000000000000
00000000000000100000000000000000
00000000000000100000000000000000
00000000000000100000000000000000
00000000000000100000000000000000
00111111111111111111111111111100
00000000000000000000000000000000
00000000000000000000000000000000
@IMAGE2
00000000000000000000000000000000
00000000000000000000000000000000
00000011111111111111111110000000
00000000000000000000000010000000
00000000000000000000000010000000
00000000000000000000000010000000
00000000000000000000000010000000
00000000000000000000000010000000
00000000000000000000000010000000
00000000000000000000000010000000
00000000000000000000000010000000
00000000000000000000000010000000
00000000000000000000000010000000
00000000000000000000000010000000
00000000000000000000000010000000
00000000000000000000000010000000
00000000000000000000000010000000
00000011111111111111111110000000
00000010000000000000000000000000
00000010000000000000000000000000
00000010000000000000000000000000
00000010000000000000000000000000
00000010000000000000000000000000
00000010000000000000000000000000
00000010000000000000000000000000
00000010000000000000000000000000
00000010000000000000000000000000
00000010000000000000000000000000
00000010000000000000000000000000
00000011111111111111111110000000
00000000000000000000000000000000
00000000000000000000000000000000
@IMAGE3
00000000000000000000000000000000
00000000000000000000000000000000
00000011111111111111111110000000
00000000000000000000000010000000
00000000000000000000000010000000
00000000000000000000000010000000
00000000000000000000000010000000
00000000000000000000000010000000
00000000000000000000000010000000
00000000000000000000000010000000
00000000000000000000000010000000
00000000000000000000000010000000
00000000000000000000000010000000
00000000000000000000000010000000
00000000000000000000000010000000
00000000000000000000000010000000
00000000000000000000000010000000
00000011111111111111111110000000
00000000000000000000000010000000
00000000000000000000000010000000
00000000000000000000000010000000
00000000000000000000000010000000
00000000000000000000000010000000
00000000000000000000000010000000
00000000000000000000000010000000
00000000000000000000000010000000
00000000000000000000000010000000
00000000000000000000000010000000
00000000000000000000000010000000
00000011111111111111111110000000
00000000000000000000000000000000
00000000000000000000000000000000
#3
name Ladder
length 1
delay 1000
hasMelody 0
@IMAGE1
00000000000000000000000000000000
00000000000000000000000000000000
00000011111111111111111110000000
00000010000000000000000010000000
00000010000000000000000010000000
00000010000000000000000010000000
00000010000000000000000010000000
00000010000000000000000010000000
00000010000000000000000010000000
00000011111111111111111110000000
00000010000000000000000010000000
00000010000000000000000010000000
00000010000000000000000010000000
00000010000000000000000010000000
00000010000000000000000010000000
00000010000000000000000010000000
00000011111111111111111110000000
00000010000000000000000010000000
00000010000000000000000010000000
00000010000000000000000010000000
00000010000000000000000010000000
00000010000000000000000010000000
00000010000000000000000010000000
00000011111111111111111110000000
00000010000000000000000010000000
00000010000000000000000010000000
00000010000000000000000010000000
00000010000000000000000010000000
00000010000000000000000010000000
00000011111111111111111110000000
00000000000000000000000000000000
00000000000000000000000000000000